<?xml version="1.0"?>
<opencv_storage>
<trained_hog type_id="opencv-object-detector-hog">
  <winSize>
    64 64</winSize>
  <blockSize>
    16 16</blockSize>
  <blockStride>
    8 8</blockStride>
  <cellSize>
    8 8</cellSize>
  <nbins>9</nbins>
  <derivAperture>1</derivAperture>
  <winSigma>4.</winSigma>
  <histogramNormType>0</histogramNormType>
  <L2HysThreshold>2.0000000000000001e-01</L2HysThreshold>
  <gammaCorrection>1</gammaCorrection>
  <nlevels>64</nlevels>
  <signedGradient>0</signedGradient>
  <SVMDetector>
    -6.70047700e-02 -1.63444541e-02 2.49910727e-03 -1.71295572e-02
    -8.65320787e-02 -2.88429260e-02 4.78656366e-02 8.80017225e-03
    -7.51335546e-02 -2.58750208e-02 2.25567520e-02 5.29476702e-02
    2.39645839e-02 -9.19388160e-02 3.71637382e-03 1.06061324e-02
    -2.47453544e-02 -4.71849218e-02 -1.29635576e-02 3.67944292e-03
    -2.49445962e-04 -1.07472911e-02 -7.13149235e-02 -3.04847509e-02
    2.36256532e-02 1.56550165e-02 -6.06376566e-02 4.34539244e-02
    5.32668009e-02 1.24563528e-02 -4.03656974e-04 -2.28483118e-02
    8.97657685e-03 4.21689786e-02 2.39865389e-02 3.04374117e-02
    -5.91983758e-02 1.33176874e-02 -2.71135457e-02 -3.08700819e-02
    -9.87002924e-02 -2.16981117e-02 -1.57925151e-02 -6.24021962e-02
    -5.16215898e-02 6.44745538e-03 5.82053438e-02 -1.23763442e-04
    -2.47923750e-02 -7.60453939e-02 -4.85383570e-02 4.74186912e-02
    3.79726440e-02 1.33283911e-02 2.69293897e-02 1.38420956e-02
    9.37418640e-03 3.76856793e-03 -4.05516699e-02 -3.12269619e-03
    1.07857687e-02 -3.71238999e-02 -2.71951295e-02 7.52021000e-02
    9.18787122e-02 9.29546654e-02 5.68051971e-02 2.25739684e-02
    -1.49489511e-02 4.76383083e-02 4.03774455e-02 4.69631003e-03
    -2.81646866e-02 6.30965980e-04 -7.51123903e-03 -3.79220732e-02
    -6.72551617e-02 -4.19263579e-02 2.88863350e-02 1.12258755e-02
    -2.98912860e-02 1.53186433e-02 2.90699489e-02 2.47749407e-02
    -1.09581063e-02 -5.90138622e-02 -2.31133029e-02 3.79506908e-02
    3.07247471e-02 -2.17223130e-02 -6.06281217e-03 4.17583957e-02
    3.44708003e-02 -1.48697710e-02 -2.12514177e-02 -2.12947931e-02
    4.06183265e-02 3.65978181e-02 -2.18350701e-02 4.85214368e-02
    4.50071208e-02 5.14431335e-02 2.30730250e-02 3.90704535e-02
    2.71322224e-02 4.38480191e-02 5.99094145e-02 2.48313621e-02
    3.40814590e-02 1.91048719e-02 3.48268338e-02 -2.72444431e-02
    -2.79944632e-02 -3.57475765e-02 4.76941234e-03 1.55747728e-02
    -3.60629112e-02 2.29403600e-02 2.75627784e-02 3.83679233e-02
    -2.92149186e-02 -2.13267952e-02 -2.86063664e-02 -9.72026214e-03
    1.45924333e-02 -4.84684622e-03 4.25626338e-02 4.24050950e-02
    2.51751114e-02 1.04206540e-02 2.65830774e-02 1.81682259e-02
    2.21916996e-02 2.04975866e-02 1.96950380e-02 4.78445105e-02
    4.82960679e-02 4.55047563e-03 9.88601800e-03 3.65001410e-02
    6.38666563e-03 2.54888441e-02 5.32961078e-02 3.81052308e-02
    8.43473361e-04 2.61787102e-02 3.02666556e-02 -8.19097552e-03
    -4.73342426e-02 -7.57213458e-02 -4.95630912e-02 3.31070684e-02
    -1.52728045e-02 1.92089211e-02 7.47076049e-03 4.67667840e-02
    1.93708595e-02 -6.51438683e-02 -4.27082926e-02 -2.17530206e-02
    4.33994196e-02 2.99680419e-02 1.70835573e-02 2.31511258e-02
    -1.23095354e-02 3.57095897e-02 6.20279694e-03 -7.45975226e-03
    3.12055480e-02 8.09935033e-02 2.05782000e-02 3.19670178e-02
    2.05790214e-02 2.26254612e-02 6.27492070e-02 -1.78114977e-02
    3.23956981e-02 3.03976499e-02 5.81978373e-02 6.48392439e-02
    -8.09373613e-03 -2.22612675e-02 1.18171899e-02 -9.74449702e-03
    -4.69179042e-02 5.32479910e-03 1.68288313e-02 2.55925693e-02
    4.76321578e-03 -2.17763148e-02 -1.79820172e-02 -2.47352514e-02
    -3.28531526e-02 -8.15169290e-02 -1.54897077e-02 1.63001120e-02
    1.66794807e-02 -5.11348853e-03 6.26025647e-02 3.70863527e-02
    2.92989314e-02 2.50295140e-02 2.29357742e-02 6.33508489e-02
    6.93562031e-02 2.56012455e-02 4.25364301e-02 5.49089909e-03
    6.64457586e-03 -3.64865437e-02 -1.95893869e-02 -2.59224549e-02
    3.94584797e-02 1.38481138e-02 1.25589734e-02 4.56923200e-03
    -9.97170899e-03 1.19446432e-02 8.72824155e-03 -5.81580251e-02
    -3.92720141e-02 -3.42163555e-02 4.96010147e-02 3.47131379e-02
    2.34796368e-02 -7.58217946e-02 3.13677802e-03 -2.53353473e-02
    -1.03928804e-01 -7.83153102e-02 -2.74591539e-02 2.01206491e-03
    -2.59127859e-02 -7.64585137e-02 3.55684049e-02 2.02285443e-02
    2.03959667e-03 -3.00340466e-02 -8.99793115e-03 -9.10761580e-03
    7.79144978e-03 2.78800391e-02 4.42977101e-02 -2.03435495e-02
    8.42458196e-03 -3.69565822e-02 -2.91528311e-02 -3.36507782e-02
    2.09278744e-02 2.95399707e-02 3.43346447e-02 -8.55397619e-03
    -3.12506482e-02 -4.04222682e-02 -2.22327877e-02 1.05150295e-02
    -5.46154045e-02 -4.73915413e-02 -7.02211447e-03 -7.77983218e-02
    -8.69518146e-02 1.53480880e-02 2.28345525e-02 1.22424951e-02
    2.57060211e-02 -1.49971815e-02 -2.73609497e-02 3.44987400e-03
    -5.49573898e-02 -7.32509866e-02 -2.01911223e-03 -6.58210134e-03
    -7.44170556e-03 1.26937097e-02 -3.94767635e-02 -6.07300475e-02
    1.90610718e-02 -1.46541689e-02 -1.24113113e-02 2.18042005e-02
    5.91883287e-02 1.07065691e-02 4.68519516e-02 -1.71313286e-02
    -4.03827503e-02 2.58884430e-02 5.21114329e-03 -3.55627127e-02
    -1.50389085e-02 -2.41008736e-02 -5.80463884e-03 -3.88900489e-02
    -6.34749830e-02 -6.64458871e-02 -1.27975373e-02 -6.94100112e-02
    -7.68269822e-02 1.76300853e-02 1.75043065e-02 1.68493390e-02
    8.36127065e-03 -1.50995618e-02 -7.36016259e-02 -1.40588069e-02
    -1.19791953e-02 -6.17711991e-02 -2.62413416e-02 5.34973433e-03
    -1.43171847e-03 5.72361099e-03 -7.53934607e-02 -7.29261860e-02
    -1.70732215e-02 -2.61975080e-02 -8.00736323e-02 4.59531546e-02
    8.82482752e-02 3.53055671e-02 1.51439244e-02 3.81476968e-03
    -5.53586474e-03 2.26731002e-02 1.94416232e-02 -2.20645946e-02
    -9.01182648e-03 1.57691029e-04 -6.71028951e-03 -1.55341141e-02
    -2.96778213e-02 -4.87805232e-02 -7.85798940e-04 -1.03547266e-02
    -2.94752754e-02 -2.11014529e-03 -2.15461403e-02 -3.64076556e-03
    -6.29223278e-03 7.49785127e-03 -2.46896669e-02 -6.99196383e-03
    -3.89913912e-03 -5.13785752e-04 5.16361464e-03 3.45311426e-02
    7.04798382e-03 -2.11949716e-03 -2.44433247e-02 -4.92423698e-02
    9.28812101e-03 -5.05567528e-03 -2.41712667e-02 7.12541118e-02
    5.81788346e-02 1.91619508e-02 4.11832221e-02 1.45783098e-02
    -9.07396432e-03 1.93475503e-02 2.72633061e-02 4.16772440e-02
    5.05588832e-04 -2.05234755e-02 -3.60430181e-02 -4.15176451e-02
    -1.07874637e-02 -6.04759669e-04 -1.02872178e-02 -2.62592845e-02
    -4.39547114e-02 -6.52390020e-03 -1.52629009e-02 -4.05992232e-02
    -1.23638124e-03 -2.32808385e-02 -3.89736448e-03 -1.16209779e-02
    -2.03527994e-02 -2.87871324e-02 2.57254802e-02 2.19473671e-02
    -1.98292173e-02 1.98128726e-02 8.85091163e-03 1.40005192e-02
    2.19455734e-02 4.43857014e-02 1.91979855e-02 2.79398169e-02
    1.25285899e-02 1.36905292e-04 2.48471461e-02 2.29510455e-03
    5.05335927e-02 2.82308869e-02 2.68901456e-02 1.20633179e-02
    -6.14154972e-02 -4.56954762e-02 -5.34866117e-02 -1.80670097e-02
    2.34442092e-02 -2.89819203e-02 -6.73629437e-03 2.39776168e-02
    -2.63698678e-02 -1.26983309e-02 -3.52070145e-02 -4.70306985e-02
    1.52690103e-03 2.11857893e-02 2.31329668e-02 -2.34731324e-02
    -3.13444226e-03 -2.23471299e-02 3.25772315e-02 2.14113127e-02
    3.44547140e-03 2.06196830e-02 1.50224110e-02 2.11719535e-02
    3.47815305e-02 4.40828279e-02 5.36840968e-03 8.06540716e-03
    -1.18291518e-02 -3.11076548e-02 -4.26454470e-03 -4.70825508e-02
    2.65137721e-02 1.03758201e-02 2.77133137e-02 3.72495279e-02
    5.41585311e-03 -1.28679695e-02 -4.09784317e-02 -5.04636765e-02
    6.98563177e-03 3.99423614e-02 1.27183273e-02 1.32683497e-02
    2.34930106e-02 -3.17973234e-02 -2.67229080e-02 -7.18019828e-02
    -6.76091388e-02 -5.36825089e-03 3.99534032e-03 1.32997346e-03
    -2.24444848e-02 1.27769134e-03 1.32762585e-02 1.52096311e-02
