<?xml version="1.0"?>
<opencv_storage>
<hog_descriptor type_id="opencv-object-detector-hog">
  <winSize>
    64 64</winSize>
  <blockSize>
    16 16</blockSize>
  <blockStride>
    8 8</blockStride>
  <cellSize>
    8 8</cellSize>
  <nbins>9</nbins>
  <derivAperture>1</derivAperture>
  <winSigma>4.</winSigma>
  <histogramNormType>0</histogramNormType>
  <L2HysThreshold>2.0000000000000001e-01</L2HysThreshold>
  <gammaCorrection>1</gammaCorrection>
  <nlevels>64</nlevels>
  <signedGradient>0</signedGradient>
  <SVMDetector>
    -3.63689885e-02 5.83867775e-03 -1.50565719e-02 -7.03829061e-03
    -7.62611255e-02 -3.15499380e-02 5.38383797e-02 9.57364123e-03
    -4.96210866e-02 -1.94079839e-02 2.19065626e-03 6.93980753e-02
    3.36451605e-02 -7.52502307e-02 -3.60869430e-03 3.16608921e-02
    -1.87707338e-02 -3.67179625e-02 3.31219994e-02 2.58638356e-02
    1.09626651e-02 1.62696671e-02 -1.65778622e-02 -8.79737083e-03
    5.93340881e-02 3.09208333e-02 -2.34254301e-02 2.70704906e-02
    2.69126575e-02 2.25046966e-02 -8.91224016e-03 -3.18786874e-02
    2.83693429e-02 3.67913842e-02 2.33328473e-02 1.34389568e-02
    -4.72488180e-02 -9.45706479e-03 2.52734404e-02 -1.73716526e-02
    -5.56162894e-02 -3.82012315e-02 7.89477769e-03 -4.35418300e-02
    -5.84407225e-02 -7.56398588e-03 4.93244044e-02 8.23776722e-02
    -6.39406452e-03 -6.56305999e-02 -6.69951439e-02 -9.34087485e-03
    3.75744700e-03 -9.03438590e-03 1.94499791e-02 2.76433416e-02
    4.35591787e-02 2.75107683e-03 9.13707446e-03 3.13632237e-03
    -2.48910976e-04 -2.69671045e-02 -3.35234264e-03 5.08679040e-02
    4.93166447e-02 8.78363624e-02 3.07697710e-02 1.37818698e-02
    -3.16973589e-02 1.74799701e-03 -8.49766936e-03 -8.10780097e-03
    -2.23548920e-03 1.13632111e-02 2.67203338e-02 -1.95728149e-02
    -5.19371815e-02 -3.63665037e-02 1.09639508e-03 7.45217782e-03
    -2.79861409e-03 4.05617170e-02 4.72330861e-02 5.62632643e-02
    -9.87580698e-03 -8.62901732e-02 -6.69738054e-02 -3.56965400e-02
    6.72462583e-03 -2.12437264e-03 2.86395308e-02 1.45845776e-02
    5.41195087e-02 1.97636131e-02 7.29989074e-03 -8.57695285e-03
    4.27522659e-02 1.21346684e-02 -2.48308154e-03 7.55857378e-02
    1.57951750e-02 4.72367406e-02 4.02203538e-02 1.71563160e-02
    6.46950491e-03 2.95461323e-02 4.33096960e-02 6.43530488e-02
    6.55325130e-04 7.73782656e-03 3.96144688e-02 -5.16028441e-02
    -8.15622956e-02 -4.46660444e-02 -6.40662620e-03 4.15180475e-02
    -4.41586599e-03 -2.14811042e-02 4.16500196e-02 5.27069159e-02
    -2.42193677e-02 -3.91154811e-02 -1.29155368e-02 7.91895948e-03
    5.11486717e-02 8.39202912e-05 3.72381732e-02 2.60848496e-02
    5.98460101e-02 2.95515209e-02 2.82285661e-02 4.20682803e-02
    4.29731645e-02 4.73229736e-02 4.41445559e-02 2.33845506e-02
    5.99616691e-02 4.06902768e-02 4.68514822e-02 3.14396806e-02
    5.87210171e-02 3.45314816e-02 9.80164409e-02 5.43959662e-02
    6.82191178e-03 5.18996418e-02 1.65596064e-02 -3.85581292e-02
    -8.29154626e-02 -6.89563379e-02 2.35709343e-02 6.14968203e-02
    1.19585013e-02 2.00463124e-02 4.21715453e-02 7.61132594e-03
    -3.94749455e-03 -9.88419279e-02 -4.56412844e-02 3.60398628e-02
    2.88833976e-02 1.75595991e-02 5.55858873e-02 5.45360334e-02
    1.96796451e-02 2.77934670e-02 6.27201796e-03 4.01289649e-02
    6.23753108e-02 9.87320244e-02 5.33838086e-02 6.41453937e-02
    7.43425563e-02 1.50477653e-02 4.64529470e-02 -2.62312274e-02
    2.16089189e-02 4.06307839e-02 4.20234501e-02 7.16356263e-02
    -2.91103162e-02 -1.55813759e-02 -6.76581264e-02 -2.82354895e-02
    -4.18835916e-02 3.55647989e-02 1.21741466e-01 3.41366455e-02
    -1.59116238e-02 -3.42085622e-02 -1.35907810e-02 -8.63727331e-02
    -5.16757816e-02 -8.66119936e-02 -2.24543773e-02 3.69721726e-02
    1.74104366e-02 -3.90261225e-02 5.82851171e-02 4.59262244e-02
    -4.29522283e-02 -2.98687909e-03 5.32306507e-02 7.85842985e-02
    1.00009196e-01 2.05264185e-02 5.81123643e-02 6.82731252e-03
    1.71356890e-02 -4.46129180e-02 5.71696460e-03 -2.63945218e-02
    3.93932685e-02 1.33772762e-02 1.23349475e-02 1.75111797e-02
    -2.68373471e-02 -3.47678619e-03 -5.99252246e-02 -7.77904242e-02
    -5.79299256e-02 -1.71168093e-02 6.41036108e-02 1.65181700e-02
    -2.35797581e-03 -9.61689502e-02 -4.53643911e-02 -3.67386416e-02
    -1.14581846e-01 -1.01839498e-01 -4.45174389e-02 -1.35422582e-02
    -1.68457180e-02 -7.09614307e-02 5.29987253e-02 1.66326854e-02
    -2.26225518e-02 -1.97087391e-03 4.12708409e-02 6.29886147e-03
    1.54520785e-02 1.97776239e-02 6.27719685e-02 1.27774430e-02
    -3.50672863e-02 -2.79029012e-02 -2.59585604e-02 3.11032822e-03
    3.91689641e-03 2.43525114e-02 1.74810681e-02 2.76357997e-02
    -7.77439214e-03 -2.50831638e-02 -7.63675757e-03 8.73236626e-04
    -2.20327657e-02 -1.27927242e-02 3.36320065e-02 -4.51008230e-02
    -4.43034284e-02 1.82936154e-02 4.46583284e-03 4.09805030e-02
    3.24093737e-02 3.64514953e-03 -1.96699277e-02 1.67327058e-02
    -2.80080326e-02 -2.52433773e-02 -2.64258613e-03 7.02213729e-03
    1.64321717e-02 9.97526851e-03 -5.18710865e-03 -3.54958139e-02
    1.21399416e-02 -2.75655389e-02 -3.67194340e-02 3.51648852e-02
    3.73579226e-02 3.24343592e-02 2.37145778e-02 -8.49240576e-04
    -1.69852953e-02 3.34042907e-02 1.08997468e-02 -2.13820674e-02
    -1.50095429e-02 -3.07507552e-02 1.76835991e-02 -3.66078541e-02
    -3.30441520e-02 -7.26163909e-02 -4.33715843e-02 -7.67024681e-02
    -5.56011535e-02 -3.63179226e-03 -1.52691025e-02 2.95155477e-02
    2.67117731e-02 -3.13189737e-02 -4.55117449e-02 -4.17711660e-02
    -7.14255720e-02 -6.44235760e-02 -1.37228030e-03 2.05929554e-03
    2.98134424e-02 1.43277682e-02 -5.88780455e-02 -7.37703964e-02
    -3.44206989e-02 -1.48350438e-02 -5.74853569e-02 5.45655228e-02
    4.84955534e-02 4.99225110e-02 4.76889275e-02 6.41604792e-03
    1.36170508e-02 -9.64303222e-03 1.10308602e-02 1.84177496e-02
    -2.24393439e-02 -3.94908041e-02 4.43905359e-03 -1.62235629e-02
    -2.25478094e-02 -1.90256890e-02 -3.66244791e-03 -4.37000580e-02
    -6.19002506e-02 -1.77829824e-02 -3.14135030e-02 4.40143421e-03
    -2.58204602e-02 -1.25498502e-02 -7.54163414e-03 -1.20462561e-02
    -4.39603738e-02 -3.28626148e-02 1.19485697e-02 1.69849768e-02
    4.01254110e-02 -6.01406035e-04 -3.67881916e-02 4.52104174e-02
    3.26371379e-02 3.43863247e-03 -9.70982295e-03 3.42761651e-02
    6.60439432e-02 1.59113407e-02 3.40108722e-02 -5.36806136e-03
    4.63201515e-02 3.57412957e-02 1.55371688e-02 9.29770339e-03
    -1.46703646e-02 -2.64069382e-02 -4.68321098e-03 -4.54703085e-02
    -4.01890418e-03 3.50143723e-02 2.12826617e-02 -2.69840471e-02
    -3.46148610e-02 -3.90753932e-02 -4.60881442e-02 -3.65909450e-02
    -1.20144356e-02 -2.36252975e-02 3.49586159e-02 5.49525348e-03
    -1.47790303e-02 -4.13473919e-02 2.53755711e-02 4.30441611e-02
    4.92711458e-03 1.05024092e-02 1.44271180e-02 4.21829149e-02
    4.76704203e-02 2.67867539e-02 1.72052812e-03 3.96122299e-02
    1.46782584e-02 1.63726835e-03 3.41357179e-02 -2.52312259e-03
    7.20308051e-02 3.94405015e-02 1.72009356e-02 -4.11624229e-03
    -5.80902062e-02 -3.99655811e-02 -6.38081282e-02 -5.23804463e-02
    -2.68816599e-03 7.40143703e-03 1.36544127e-02 6.57393131e-03
    -5.02497666e-02 -9.62463953e-03 -2.01155758e-03 -3.10842376e-02
    4.40481817e-03 3.61562916e-03 -1.30732460e-02 -3.32957767e-02
    -4.18738984e-02 -3.78179252e-02 3.38442996e-02 2.22973581e-02
    -1.99482478e-02 3.00359484e-02 -6.54316600e-03 3.71546596e-02
    5.07323779e-02 3.94746959e-02 2.30497052e-03 1.70607734e-02
    2.44861189e-02 -2.14088447e-02 1.69080794e-02 -4.65345494e-02
    2.89190989e-02 1.50340879e-02 5.32737980e-03 1.71683896e-02
    -4.36932873e-03 -2.70925369e-02 -8.04923698e-02 -4.35519703e-02
    4.43860404e-02 3.34395766e-02 4.87402007e-02 -1.22191953e-02
    5.69711265e-04 -3.83931436e-02 -3.28304172e-02 -9.78679210e-02
    -5.12237325e-02 -1.70439091e-02 -2.88740322e-02 -2.60903090e-02
    -4.49580550e-02 -2.87949257e-02 2.07280982e-02 4.72861435e-03
