<?xml version="1.0"?>
<opencv_storage>
<HOG_SVM_DESCRIPTOR type_id="opencv-object-detector-hog">
  <winSize>
    64 64</winSize>
  <blockSize>
    16 16</blockSize>
  <blockStride>
    8 8</blockStride>
  <cellSize>
    8 8</cellSize>
  <nbins>9</nbins>
  <derivAperture>1</derivAperture>
  <winSigma>4.</winSigma>
  <histogramNormType>0</histogramNormType>
  <L2HysThreshold>2.0000000000000001e-01</L2HysThreshold>
  <gammaCorrection>1</gammaCorrection>
  <nlevels>64</nlevels>
  <signedGradient>0</signedGradient>
  <SVMDetector>
    -2.34207530e-02 -1.99712906e-02 8.23870581e-03 1.17776981e-02
    -6.48786277e-02 -6.41927123e-04 2.73258351e-02 -2.35993345e-03
    -1.40442122e-02 -2.07931679e-02 -5.07215178e-03 6.10910123e-03
    2.17516180e-02 -4.51227389e-02 2.61599272e-02 -1.30183659e-02
    -2.75291782e-02 -4.00175825e-02 -1.83510315e-02 -1.17865819e-02
    -3.45090637e-03 6.82396023e-03 -1.88685413e-02 5.74147888e-03
    2.18991376e-02 1.30471643e-02 -1.43584870e-02 5.51516004e-03
    1.77921206e-02 3.17271240e-03 -1.36081232e-02 -2.11996143e-03
    3.93112302e-02 1.85376406e-02 -7.00453937e-04 -5.83303301e-03
    -4.29790206e-02 -2.90305242e-02 -3.56468223e-02 1.76167265e-02
    -2.69298665e-02 -2.73238569e-02 -3.27212214e-02 -4.48194072e-02
    -6.76748902e-02 -3.04111571e-04 4.15575085e-03 -1.93994232e-02
    1.99147742e-02 -5.25058322e-02 -5.30336536e-02 -1.27271619e-02
    8.31004698e-03 -1.44464485e-02 1.46310236e-02 2.16676388e-02
    3.24353925e-03 1.74807534e-02 3.12756523e-02 2.02766359e-02
    3.98202287e-03 -8.21054447e-03 -2.52284314e-02 8.23919401e-02
    5.94294071e-02 6.99469596e-02 6.07982241e-02 1.42980721e-02
    6.37537660e-03 4.04967740e-03 3.06213237e-02 3.02272905e-02
    -6.57404307e-03 -2.71849912e-02 -2.71703023e-02 -1.86254829e-02
    -2.17993148e-02 -5.11564426e-02 -4.94516455e-03 -9.07543302e-03
    1.91131253e-02 8.25465657e-03 2.13293098e-02 4.39229086e-02
    2.47067530e-02 6.05232269e-03 -4.19743657e-02 -2.02759001e-02
    -5.51995337e-02 -9.84664634e-03 4.89830077e-02 2.62453239e-02
    2.62941699e-02 8.95130448e-03 1.80326048e-02 -3.43863061e-03
    4.73455451e-02 4.23810966e-02 2.93289032e-02 3.64153273e-02
    3.20764221e-02 4.24868241e-02 1.94323678e-02 5.21726273e-02
    1.67619847e-02 6.63552284e-02 3.57660502e-02 5.03620356e-02
    1.32476008e-02 2.22793664e-03 2.20274162e-02 -3.76478918e-02
    -6.02762625e-02 -6.80751652e-02 1.79363713e-02 2.82628997e-03
    -9.27374698e-03 3.22261862e-02 3.62601429e-02 2.47832257e-02
    -2.91652847e-02 -4.35316935e-02 -4.22498547e-02 1.22262426e-02
    3.51036452e-02 2.92952769e-02 -1.43002206e-03 1.41277863e-02
    5.77555522e-02 -7.50589091e-03 3.58419977e-02 2.25007217e-02
    8.18408355e-02 2.97610704e-02 3.80271673e-02 2.99095754e-02
    5.30774407e-02 5.93461543e-02 1.11148218e-02 4.32986282e-02
    3.57890204e-02 7.85761103e-02 6.20482080e-02 5.14153466e-02
    1.17476899e-02 2.52232533e-02 2.35736482e-02 -7.29637779e-03
    -8.36964995e-02 -6.02533072e-02 1.90896783e-02 4.28943746e-02
    1.82190537e-02 2.80812737e-02 6.72758278e-03 8.38598050e-03
    -1.64089184e-02 -8.38349983e-02 -7.02921674e-02 -3.84268560e-03
    8.48053861e-03 2.33038589e-02 3.12218238e-02 3.54624353e-02
    4.13885824e-02 1.82103254e-02 2.19438486e-02 3.87741998e-02
    9.89443362e-02 5.17178625e-02 4.24968153e-02 4.78816628e-02
    6.35661557e-02 4.59329262e-02 2.97756996e-02 -2.65445951e-02
    -5.10854367e-03 4.13387418e-02 1.37685034e-02 4.78039682e-02
    2.52687726e-02 -9.34419688e-03 -3.43771987e-02 -2.06578672e-02
    -2.79486608e-02 8.97229183e-03 2.48636045e-02 1.60758309e-02
    7.10125640e-03 -1.45266280e-02 -6.24869056e-02 -3.43346521e-02
    -3.92333455e-02 -1.06261119e-01 -5.62074333e-02 -3.29561904e-03
    3.20318788e-02 1.44558055e-02 5.14116213e-02 6.01666793e-02
    4.76684934e-03 -2.95344647e-03 5.42896539e-02 7.65268132e-02
    6.04670569e-02 1.66002102e-02 3.00526414e-02 -2.34940033e-02
    -1.74667127e-02 5.98383881e-03 -2.49163923e-03 -1.22155361e-02
    3.55432294e-02 5.98015590e-03 1.34865101e-02 1.39506953e-03
    -3.07299197e-02 -4.24673744e-02 -4.53591114e-03 -5.32517247e-02
    -2.90509388e-02 -2.48316508e-02 3.98774371e-02 4.17263582e-02
    3.29924151e-02 -8.59765410e-02 -1.42509015e-02 1.79000758e-02
    -6.81070834e-02 -9.76113155e-02 -8.47379491e-02 -3.20624188e-02
    -6.21687947e-03 -4.95366231e-02 1.26451980e-02 4.86895238e-04
    2.91798841e-02 -1.46346970e-03 2.44109966e-02 7.34307943e-03
    1.77856181e-02 3.46391685e-02 5.67534007e-02 -2.29669511e-02
    2.93474495e-02 4.37844135e-02 1.30196400e-02 -4.45447816e-03
    -1.77294891e-02 2.25302372e-02 5.83687723e-02 -2.80889729e-03
    -1.50097879e-02 -1.14779584e-02 -3.03986971e-03 -2.41025891e-02
    -4.74412963e-02 -5.34005314e-02 -4.27126326e-03 -2.62398515e-02
    -3.89450453e-02 7.97725096e-03 3.20162475e-02 3.17842551e-02
    -2.85225967e-03 3.49458214e-03 -3.02171055e-02 1.51431579e-02
    -5.87633401e-02 -6.62538186e-02 3.50491516e-02 -8.03966913e-03
    7.13278539e-04 -8.97110533e-03 -1.79288965e-02 -2.66470965e-02
    -1.00187026e-02 4.39156685e-03 2.34733019e-02 -2.01583561e-03
    4.56714071e-02 4.08531241e-02 2.45481133e-02 1.67845674e-02
    -1.56257655e-02 2.99065746e-02 3.67507827e-03 -3.92633006e-02
    2.51049548e-03 1.24690169e-02 -2.41422765e-02 -4.02700230e-02
    -2.78849658e-02 -4.31098007e-02 -8.13843403e-03 -4.60896529e-02
    -5.40113114e-02 1.70908868e-02 1.94446705e-02 1.74377616e-02
    3.95259149e-02 -3.10596288e-03 -6.90659042e-03 -9.40937735e-03
    -2.58633438e-02 -3.34548205e-02 -1.30599067e-02 3.35565954e-02
    3.50554404e-03 1.32227167e-02 -4.47464809e-02 -6.42009452e-02
    4.37356345e-03 4.49128263e-03 -5.32941036e-02 4.79227640e-02
    7.63010159e-02 3.06842122e-02 6.11580797e-02 8.81116558e-03
    3.77836521e-03 7.21651083e-03 2.84824129e-02 1.17083844e-02
    1.23413941e-02 -1.45366313e-02 -1.60245392e-02 -1.54708577e-02
    -2.40040738e-02 1.46546622e-03 4.23927791e-02 5.80189610e-03
    -1.10449791e-02 1.36604877e-02 -1.83086116e-02 -4.46508732e-03
    -2.38622352e-02 -2.24534119e-03 8.93431623e-03 3.82342786e-02
    6.86140871e-03 1.02596385e-02 1.31662209e-02 1.55907627e-02
    3.33453435e-03 -3.08120605e-02 -2.22035125e-02 1.54942386e-02
    3.48823480e-02 1.14446618e-02 1.11689195e-02 4.66930307e-02
    4.36263978e-02 1.51489638e-02 2.47406457e-02 2.31967983e-03
    2.34007854e-02 4.71528433e-02 3.34608667e-02 3.28822695e-02
    -1.91041287e-02 -4.04031202e-02 -2.71629891e-03 -2.04154924e-02
    2.06073783e-02 6.27657324e-02 4.02748659e-02 -3.46986353e-02
    -4.16696444e-02 -4.06769216e-02 -3.02687977e-02 -6.68868283e-03
    -1.76996607e-02 2.71816421e-02 3.48673314e-02 2.66171545e-02
    -2.04172302e-02 -2.26725657e-02 1.49079552e-02 1.40493978e-02
    1.63430534e-02 1.56287998e-02 1.93413906e-02 4.36989740e-02
    3.52170989e-02 2.99562346e-02 1.43139493e-02 1.49027072e-02
    -5.49551658e-03 1.46753248e-02 4.33899388e-02 -1.68959866e-03
    4.97759357e-02 -9.26808454e-03 6.01932360e-03 1.99169200e-02
    -6.00755252e-02 -4.98690717e-02 -1.97350029e-02 -5.24799936e-02
    2.32027322e-02 3.71689349e-02 1.93467718e-02 -1.61683038e-02
    -4.24693711e-02 1.63845494e-02 -5.87075483e-03 -1.49639063e-02
    -4.29524556e-02 -2.92396937e-02 3.21158506e-02 2.70275772e-03
    -2.73191221e-02 5.53133991e-03 1.21346647e-02 -2.07489054e-03
    -1.24702847e-03 1.12882648e-02 1.56518891e-02 3.83635871e-02
    -2.76636682e-03 1.41885504e-02 1.64175369e-02 4.14987840e-02
    1.49315188e-03 -1.16489194e-02 -9.88718960e-03 -2.83904634e-02
    3.80465351e-02 6.96584163e-03 -3.71980015e-04 6.70006946e-02
    2.76253708e-02 -9.47837601e-04 -9.15210601e-03 -7.24413618e-02
    2.42089164e-02 8.01561475e-02 -3.15908343e-03 5.99273248e-03
    2.46258862e-02 -2.33315099e-02 -3.69299427e-02 -2.39643008e-02
    -6.97573423e-02 -4.84545156e-02 4.37053526e-03 -5.03711775e-02
    -3.31560262e-02 -3.40651721e-02 2.32376084e-02 8.20770953e-03
