<?xml version="1.0"?>
<opencv_storage>
<hog_svm_detector_2 type_id="opencv-object-detector-hog">
  <winSize>
    64 64</winSize>
  <blockSize>
    16 16</blockSize>
  <blockStride>
    8 8</blockStride>
  <cellSize>
    8 8</cellSize>
  <nbins>9</nbins>
  <derivAperture>1</derivAperture>
  <winSigma>4.</winSigma>
  <histogramNormType>0</histogramNormType>
  <L2HysThreshold>2.0000000000000001e-01</L2HysThreshold>
  <gammaCorrection>1</gammaCorrection>
  <nlevels>64</nlevels>
  <signedGradient>0</signedGradient>
  <SVMDetector>
    -5.48846908e-02 4.88658575e-03 -5.36817312e-03 -2.62868740e-02
    -1.09700404e-01 -2.54676044e-02 5.25134504e-02 9.30881500e-03
    -6.50529414e-02 -4.19198647e-02 2.89159380e-02 5.04527614e-02
    -6.31733506e-04 -1.10534884e-01 -1.39205595e-02 -3.75216419e-04
    -2.84195803e-02 -5.32842539e-02 -3.11844924e-04 2.53640208e-03
    4.70155431e-03 2.09308555e-03 -8.99553299e-02 -4.35845293e-02
    2.14628372e-02 2.29492243e-02 -4.35197800e-02 1.36141051e-02
    2.57780775e-02 -3.32151959e-03 1.03292717e-02 -1.83116309e-02
    8.42294097e-03 4.42890152e-02 6.39469456e-03 -1.35258399e-02
    -6.68479726e-02 4.99332137e-03 6.29380951e-03 -2.23160181e-02
    -8.05753395e-02 -3.65448669e-02 -1.52114443e-02 -5.30543998e-02
    -5.49478494e-02 -7.99886696e-03 5.75798973e-02 1.44515987e-02
    -3.34463455e-02 -8.70493427e-02 -7.16207325e-02 3.66266556e-02
    2.37142276e-02 7.03334901e-03 1.38524836e-02 1.77769773e-02
    2.30156686e-02 2.50903331e-03 -2.03555487e-02 1.55074904e-02
    1.79066602e-02 -3.39995101e-02 -3.00414953e-02 7.12355375e-02
    7.17772320e-02 7.32332170e-02 3.38124298e-02 -1.54032102e-02
    -1.58322323e-02 2.16341112e-02 1.58270020e-02 -7.04393908e-03
    -2.24657357e-02 -1.17261393e-03 -1.78019349e-02 -4.58365157e-02
    -8.05805475e-02 -4.98761274e-02 1.89634766e-02 5.81568049e-04
    -3.16826329e-02 1.26821920e-02 2.83974782e-02 3.98637205e-02
    -2.56946124e-02 -7.61395469e-02 -5.06714731e-02 4.55448730e-03
    1.21201612e-02 -2.94717513e-02 1.71556156e-02 5.09137735e-02
    3.16091441e-02 -4.56745998e-04 -3.02365422e-02 -1.90201551e-02
    4.20706645e-02 1.64435618e-02 -2.64374111e-02 4.45362963e-02
    3.49485837e-02 5.57962060e-02 3.29642780e-02 2.82907765e-02
    4.53060344e-02 3.50145996e-02 3.54443379e-02 7.90387671e-03
    3.15615721e-03 -5.14651416e-03 4.35162410e-02 -5.91351837e-02
    -7.66653940e-02 -5.23489788e-02 2.85094982e-04 3.03539541e-02
    -1.18334834e-02 8.62834789e-03 3.06783468e-02 6.24627806e-02
    -3.03996988e-02 -5.89280091e-02 -3.35334651e-02 -1.82982045e-03
    3.69495489e-02 4.34703939e-02 2.67451145e-02 1.99334938e-02
    3.86963300e-02 1.70476828e-03 5.26190177e-03 1.42593514e-02
    2.26677246e-02 3.19279060e-02 3.77450474e-02 2.07047891e-02
    3.34293358e-02 2.34321784e-02 1.77452639e-02 3.07810344e-02
    1.07657518e-02 3.82602550e-02 8.04529265e-02 7.52401575e-02
    -6.78941607e-03 2.20076330e-02 3.57633159e-02 -2.27253754e-02
    -7.66825005e-02 -7.94502795e-02 -1.98656917e-02 4.08212505e-02
    1.68530568e-02 1.43720722e-03 1.86804950e-03 4.43467982e-02
    1.69841107e-02 -5.91022298e-02 -5.71485162e-02 -1.31182615e-02
    4.62429114e-02 3.00852600e-02 6.35949196e-03 1.49784796e-02
    1.18831294e-02 1.74546577e-02 -1.09866925e-03 2.68696360e-02
    5.72812334e-02 7.19885007e-02 1.04836132e-02 3.42439413e-02
    5.75588122e-02 3.58890481e-02 6.30997941e-02 -2.01152582e-02
    3.36177461e-02 2.61766370e-02 5.41762561e-02 6.12066649e-02
    7.40682334e-03 -1.79425795e-02 1.88886058e-02 -9.50845890e-03
    -4.12784293e-02 -5.05120354e-03 3.03949565e-02 3.40377502e-02
    -2.02823356e-02 3.73903755e-03 -3.00145056e-02 -2.68596746e-02
    -4.63656597e-02 -9.11058709e-02 -2.38718390e-02 2.18183710e-03
    7.28827994e-03 -4.00522314e-02 6.20409884e-02 5.22997826e-02
    2.16837041e-02 1.80388037e-02 1.07024089e-02 6.32931218e-02
    8.50263312e-02 4.04664464e-02 3.45157310e-02 2.57444624e-02
    3.11634988e-02 4.51236177e-04 1.67134982e-02 -3.34845372e-02
    5.07574566e-02 2.73642363e-03 1.83344763e-02 1.62082799e-02
    9.90444422e-03 7.27711711e-03 1.14871887e-03 -6.20616861e-02
    -3.84324454e-02 -2.87117045e-02 4.98735048e-02 5.50402291e-02
    5.47175342e-03 -5.19784018e-02 1.83056574e-02 3.71990819e-03
    -8.96382704e-02 -8.79928246e-02 -4.64043990e-02 -7.93643668e-03
    1.57012530e-02 -5.63917458e-02 4.87844422e-02 1.64745413e-02
    -1.77275026e-04 1.76401297e-03 4.17495146e-03 1.51804639e-02
    -1.03812823e-02 3.17721143e-02 3.03543173e-02 -3.12349014e-03
    8.23675469e-03 -1.70849543e-02 -1.51630137e-02 -5.03126010e-02
    1.35041261e-02 1.98286083e-02 2.80109439e-02 -2.91435327e-03
    -3.41096558e-02 -2.92788409e-02 -1.53182168e-02 -8.59052967e-03
    -5.86518943e-02 -5.23118973e-02 -1.96097023e-03 -5.34970649e-02
    -7.13452995e-02 6.86317123e-03 2.05915533e-02 1.40425200e-02
    3.29956934e-02 4.56008036e-03 -3.24679725e-02 1.27827208e-02
    -5.55537790e-02 -7.51963779e-02 -2.44000852e-02 -8.08692537e-03
    -6.28363993e-03 8.85969400e-03 -3.35089378e-02 -5.99089228e-02
    6.74260454e-03 1.02457302e-02 -2.19850875e-02 1.56994890e-02
    5.32960705e-02 1.77956652e-02 2.99622640e-02 -9.13050212e-03
    -1.73581019e-02 4.42994907e-02 1.80246737e-02 -1.98363774e-02
    -3.55175557e-03 -2.52032429e-02 7.35299429e-03 -2.82243062e-02
    -4.31702100e-02 -4.12337892e-02 3.94402770e-03 -8.15574676e-02
    -6.51736557e-02 1.64183378e-02 -2.83174240e-03 1.99792888e-02
    1.56125724e-02 -2.09101588e-02 -5.19378036e-02 -2.28432454e-02
    -2.86346842e-02 -5.48848473e-02 2.77379598e-03 1.56392362e-02
    3.15073207e-02 3.72395152e-03 -8.33844393e-02 -5.47276475e-02
    1.44827040e-02 -9.67808813e-03 -4.76719216e-02 4.95877601e-02
    6.93740547e-02 3.98475341e-02 3.47682759e-02 -2.22183373e-02
    8.01863731e-04 1.96796227e-02 2.70961355e-02 7.01775495e-03
    -2.06018966e-02 -2.17632744e-02 -3.35502923e-02 -2.00412981e-02
    -2.69007739e-02 -3.96336354e-02 1.05485143e-02 -2.08463427e-02
    -5.59567623e-02 -1.75878666e-02 -2.78078411e-02 -3.40096466e-03
    -1.07935239e-02 2.10724305e-02 -2.24201810e-02 -3.08746123e-03
    -3.31600457e-02 -3.49524692e-02 6.28813822e-03 2.87754703e-02
    -4.46573831e-03 -1.30383926e-03 -2.10289396e-02 -1.46399988e-02
    3.29347327e-02 1.12919677e-02 -4.98696370e-03 5.35206981e-02
    5.62804751e-02 1.18303401e-02 5.17356917e-02 2.56314725e-02
    2.25827545e-02 3.85210514e-02 3.99929099e-02 3.93737145e-02
    -1.23077035e-02 -3.22486162e-02 -2.71661282e-02 -4.55483496e-02
    6.61198748e-03 -3.00297770e-03 -1.06351217e-02 -4.11603004e-02
    -5.14823720e-02 -4.61699739e-02 -4.58125249e-02 -5.43052331e-02
    -2.71299500e-02 1.43202040e-02 -1.17220618e-02 -7.08248606e-03
    -3.04312240e-02 -3.13037187e-02 1.12505862e-02 2.72435248e-02
    -1.07316626e-02 2.18416508e-02 9.09702294e-03 3.28732021e-02
    2.02370882e-02 4.49969247e-02 2.79248389e-03 3.10568623e-02
    1.48354406e-02 8.30661319e-03 4.64368053e-02 1.23992367e-02
    5.04979193e-02 -3.22625181e-03 7.50262942e-03 -9.30371229e-03
    -8.22050050e-02 -5.68263344e-02 -5.00951894e-02 -5.23168594e-02
    3.16977464e-02 -2.40100920e-02 7.40262214e-03 -1.16377110e-02
    -6.52138442e-02 -1.24128889e-02 -1.23351859e-02 -2.47593578e-02
    -8.10611527e-03 4.42220923e-03 1.13394600e-03 -3.50004397e-02
    -2.90587842e-02 -5.81088290e-02 4.02968936e-02 2.24569440e-02
    -1.10276630e-02 1.64156929e-02 2.01860573e-02 5.58854174e-03
    4.48556542e-02 4.07357812e-02 -8.23231705e-04 3.59516852e-02
    1.58728436e-02 -2.01759078e-02 2.14303304e-02 -4.05804291e-02
    3.95618044e-02 9.16813035e-03 3.05521339e-02 4.22764979e-02
    -4.06830572e-03 -1.70702767e-02 -5.93103953e-02 -4.65810671e-02
    3.47084738e-02 2.94474382e-02 4.60412866e-03 -6.31766487e-03
    -9.11120232e-03 -2.17329618e-02 -1.35337589e-02 -6.44698218e-02
    -6.29572794e-02 -3.61229517e-02 -3.39677520e-02 -4.33024429e-02
    -3.72280329e-02 -4.63377638e-03 3.73836942e-02 1.55539159e-02
