<?xml version="1.0"?>
<opencv_storage>
<trained_hog type_id="opencv-object-detector-hog">
  <winSize>
    64 64</winSize>
  <blockSize>
    16 16</blockSize>
  <blockStride>
    8 8</blockStride>
  <cellSize>
    8 8</cellSize>
  <nbins>9</nbins>
  <derivAperture>1</derivAperture>
  <winSigma>4.</winSigma>
  <histogramNormType>0</histogramNormType>
  <L2HysThreshold>2.0000000000000001e-01</L2HysThreshold>
  <gammaCorrection>1</gammaCorrection>
  <nlevels>64</nlevels>
  <signedGradient>0</signedGradient>
  <SVMDetector>
    -5.57678193e-02 -6.80773286e-03 -1.32913946e-03 -2.71531288e-02
    -1.17515244e-01 -3.36961038e-02 4.93046418e-02 1.40135260e-02
    -5.12124822e-02 -2.78044064e-02 1.61858946e-02 5.86850978e-02
    9.21903457e-03 -1.16011366e-01 -9.63092409e-03 -4.01363382e-03
    -2.79384963e-02 -2.62812618e-02 -4.61638992e-04 1.10980461e-03
    9.43914428e-03 1.95093025e-02 -6.56228140e-02 -1.66269392e-02
    3.29336524e-02 2.04306655e-02 -5.28487973e-02 3.06398179e-02
    2.42808051e-02 -3.76264611e-03 5.31491765e-04 -1.04690166e-02
    1.51420990e-03 3.55498344e-02 1.81819797e-02 6.45443331e-03
    -5.61756380e-02 -9.49220359e-03 4.15821141e-03 -2.31269025e-03
    -8.02729800e-02 -2.00372413e-02 -1.92660950e-02 -5.85028306e-02
    -4.70155105e-02 1.14921425e-02 7.25648999e-02 1.56472605e-02
    -2.82268766e-02 -8.68720710e-02 -6.71526119e-02 3.06707490e-02
    1.57879256e-02 7.58020394e-03 1.12878829e-02 1.79962274e-02
    2.48915274e-02 8.03439785e-03 -1.58004425e-02 2.06897128e-02
    9.12804157e-03 -3.59226018e-02 -2.81508863e-02 6.89148605e-02
    8.56477842e-02 7.46693388e-02 3.00251134e-02 -2.92611355e-03
    -8.13332852e-03 1.63777079e-02 1.78892147e-02 3.95309238e-04
    3.33444844e-03 1.18269268e-02 -1.91821605e-02 -4.71217446e-02
    -7.49081299e-02 -5.80912344e-02 1.76149830e-02 8.84859636e-03
    -2.63915658e-02 3.24740894e-02 3.15756872e-02 4.62266877e-02
    -2.27198936e-02 -6.79220557e-02 -4.10607345e-02 2.28650197e-02
    2.54475232e-02 -2.48477999e-02 3.09884418e-02 5.53932525e-02
    3.57003547e-02 -9.83942300e-03 -2.72446182e-02 -3.32506225e-02
    3.75163183e-02 1.77343469e-02 -1.69111174e-02 5.19815162e-02
    3.56242917e-02 4.88812216e-02 2.99349315e-02 1.62747558e-02
    3.79227027e-02 4.62839082e-02 4.69280072e-02 2.06514411e-02
    8.62652063e-03 -4.98516252e-03 5.82801290e-02 -3.80522422e-02
    -5.19177504e-02 -3.23595293e-02 1.22138411e-02 3.98842171e-02
    -1.65696368e-02 1.22839380e-02 2.42191274e-02 5.85964508e-02
    -1.83049813e-02 -5.84696718e-02 -5.14111742e-02 1.93010527e-03
    3.65355015e-02 3.36637348e-02 2.37901378e-02 1.80361401e-02
    4.67443913e-02 7.60049606e-03 3.14928568e-03 2.46807896e-02
    2.54417881e-02 4.84821163e-02 3.76816206e-02 3.01863570e-02
    4.11001518e-02 3.44834067e-02 3.01911607e-02 4.45450284e-02
    1.72572825e-02 3.65584381e-02 8.33440945e-02 7.21988305e-02
    7.97498942e-05 1.80649310e-02 3.60790826e-02 -1.28281573e-02
    -8.39256719e-02 -7.57751390e-02 -2.16262937e-02 3.74578796e-02
    4.70835529e-03 7.28465850e-03 7.07305968e-03 5.14238700e-02
    1.00942738e-02 -7.35990778e-02 -6.29651174e-02 -2.44581979e-02
    2.87989639e-02 1.50811113e-02 2.65529230e-02 1.88507047e-02
    1.28258318e-02 2.28569247e-02 -5.19938860e-03 3.12977582e-02
    5.62352911e-02 6.47895038e-02 1.78528819e-02 4.84648235e-02
    5.27076349e-02 4.25607823e-02 5.38690649e-02 -4.08488363e-02
    2.17365455e-02 3.27676907e-02 6.50259554e-02 7.56766200e-02
    9.82710999e-03 -1.20161902e-02 2.37277709e-02 -1.65100656e-02
    -4.29377519e-02 -1.11590959e-02 2.24088933e-02 3.65704708e-02
    -1.17519740e-02 -9.99368727e-03 -3.45322303e-02 -3.36411558e-02
    -5.38415127e-02 -8.79203007e-02 -3.13684493e-02 1.03322407e-02
    1.42206103e-02 -2.88788453e-02 5.64471222e-02 5.13932891e-02
    3.16208452e-02 8.99118744e-03 1.92070324e-02 7.41698742e-02
    1.06751449e-01 6.46818653e-02 5.05462177e-02 2.39942968e-02
    3.27162892e-02 -9.70898475e-03 -1.15954899e-03 -2.55171824e-02
    5.14529981e-02 1.07562393e-02 3.93053405e-02 1.44457845e-02
    4.04728530e-03 -6.93607796e-03 -1.77394343e-03 -6.78059459e-02
    -3.21767777e-02 -2.64829230e-02 5.21736667e-02 4.54287268e-02
    9.81652830e-03 -6.47922009e-02 1.01600224e-02 2.55697803e-03
    -9.16786119e-02 -9.19731632e-02 -3.42265330e-02 -1.80786550e-02
    -1.32756988e-02 -7.31660128e-02 4.55175340e-02 2.80901492e-02
    1.22144138e-02 -1.90569274e-02 2.68211924e-02 1.72534343e-02
    -1.50739483e-03 3.61297131e-02 4.48165499e-02 5.81693975e-03
    2.79801264e-02 -6.40887476e-04 -2.38230415e-02 -2.47982815e-02
    3.17829549e-02 8.58757738e-03 3.23672369e-02 6.85373088e-03
    -3.09474766e-02 -3.92928235e-02 -2.16111243e-02 7.00137671e-03
    -3.94818448e-02 -1.78563427e-02 1.48424851e-02 -4.85655107e-02
    -7.75950328e-02 9.11231805e-03 1.05902152e-02 1.06440810e-02
    1.69575047e-02 6.82320679e-03 -3.13805044e-02 9.05067381e-03
    -4.51126099e-02 -7.16169029e-02 -1.37312757e-02 -5.62064303e-03
    -1.02018034e-02 8.55245721e-03 -4.49475832e-02 -4.11216654e-02
    1.72303505e-02 8.99624545e-03 -1.17597794e-02 2.27763914e-02
    5.26055619e-02 1.46477288e-02 3.35218981e-02 -7.73212034e-03
    -1.52759627e-02 5.30018657e-02 1.85768865e-02 -2.86328364e-02
    -1.10532986e-02 -2.84523033e-02 -1.35201390e-03 -3.90273370e-02
    -4.48534116e-02 -3.02485209e-02 -2.72384495e-03 -7.04779029e-02
    -6.31555095e-02 1.04174558e-02 2.02744058e-03 1.83741059e-02
    4.42188838e-03 -4.42743581e-03 -3.81593257e-02 -2.81979050e-02
    -1.81864072e-02 -4.41299267e-02 3.51657101e-04 9.63772554e-03
    2.26068124e-02 4.24657762e-03 -7.03129843e-02 -4.52111252e-02
    2.38081366e-02 -7.58824579e-04 -5.00351861e-02 5.30789346e-02
    6.89058006e-02 2.60395929e-02 2.57323831e-02 -4.33741929e-03
    1.55434599e-02 1.81904528e-02 3.83827575e-02 -1.56042445e-03
    -2.22036112e-02 -1.31752165e-02 -2.55566370e-02 -2.19144449e-02
    -1.45279495e-02 -3.96072268e-02 5.22807101e-03 -1.40862577e-02
    -4.69110273e-02 -1.54123316e-02 -1.94240175e-02 4.75245062e-03
    -2.25288887e-02 6.99617667e-03 -2.52753180e-02 -6.19116100e-03
    -3.37672532e-02 -2.79855058e-02 -5.63976530e-04 2.57794540e-02
    8.52092821e-03 -1.84078026e-03 -1.57968793e-02 -8.68530571e-03
    4.66983803e-02 2.81946920e-02 -8.27190373e-03 4.37709391e-02
    5.26683703e-02 2.17854418e-02 3.54285799e-02 3.77485156e-03
    2.21983977e-02 4.85291854e-02 4.67005521e-02 3.34983654e-02
    3.70255875e-04 -3.65162082e-02 -2.69600116e-02 -5.57487905e-02
    -7.48016825e-03 3.11296177e-03 -1.39647191e-02 -3.47642191e-02
    -4.36951369e-02 -3.15339044e-02 -3.67389135e-02 -4.76343147e-02
    -3.02104913e-02 1.62843391e-02 5.04680490e-03 -2.92895682e-04
    -3.04263420e-02 -3.07777710e-02 2.10085455e-02 1.99437346e-02
    -1.33550717e-02 1.00390911e-02 1.43105490e-02 4.19705100e-02
    2.78266612e-02 4.14024517e-02 5.97322872e-03 4.00704816e-02
    2.19106581e-02 5.56388497e-03 3.90438326e-02 9.63813998e-03
    6.78032413e-02 2.03292258e-02 1.00511555e-02 -7.33408798e-03
    -6.91078752e-02 -4.25036401e-02 -4.26869467e-02 -5.14842644e-02
    3.19206044e-02 -2.22638380e-02 1.60665456e-02 -1.40574118e-02
    -6.81648105e-02 -1.42711429e-02 -2.06962619e-02 -2.47335266e-02
    -8.13627895e-03 1.63929071e-03 -4.49507078e-03 -3.62678617e-02
    -3.38330790e-02 -5.73150180e-02 4.13435325e-02 1.91895012e-02
    -1.23508573e-02 1.22313397e-02 2.49968227e-02 1.60704628e-02
    5.83208054e-02 3.64952274e-02 -5.37550170e-03 2.85601616e-02
    9.25928447e-03 -1.54995844e-02 3.28888185e-02 -3.62413712e-02
    4.52145524e-02 1.38204284e-02 2.45827734e-02 5.45324385e-02
    -5.80895133e-03 -1.92528106e-02 -5.86352535e-02 -5.78537621e-02
    3.18000726e-02 3.19689959e-02 1.58468373e-02 -9.32239927e-03
    -1.38009302e-02 -2.14370750e-02 -8.14012345e-03 -6.15577698e-02
    -7.18576461e-02 -2.55588535e-02 -3.40466239e-02 -4.82744612e-02
    -4.02632058e-02 -1.71071347e-02 3.37774977e-02 9.62958764e-03
